BER_LDPC: [0.19375    0.16265625 0.10734375 0.03143229 0.00101563 0.
 0.        ]
BER_Turbo: [0.20132812 0.16315104 0.065      0.00580729 0.00088682 0.00020833